Encendido/apagado Tele philips:

Decoded RC6: C (20 bits)
Raw (42): 50 2700 -800 500 -800 550 -300 550 -350 550 -750 1000 -300 550 -350 550 -300 550 -350 550 -300 550 -350 550 -300 550 -350 550 -300 550 -350 550 -300 550 -350 1000 -300 550 -800 500 -350 550 
o
Decoded RC6: 1000C (20 bits)
Raw (40): 1320250 2750 -750 550 -800 500 -350 500 -350 1450 -1200 500 -400 500 -300 550 -350 550 -350 500 -350 550 -350 500 -400 500 -350 500 -400 500 -350 500 -400 900 -400 500 -800 500 -400 500 


On luz habitación:
Unknown encoding: 31538D76 (32 bits)
Raw (24): 50 1350 -350 1300 -350 500 -1150 500 -1200 450 -1200 450 -1200 450 -1200 500 -1200 1300 -350 450 -1200 450 -1200 450


Off luz habitación:
Unknown encoding: 6DEB31B6 (32 bits)
Raw (24): 642600 1350 -350 1300 -350 500 -1150 500 -1150 500 -1150 500 -1150 1350 -350 500 -1150 500 -1150 500 -1150 500 -1150 550
